765788700
2107707236
2846163606
5453532853
6583833124
6852562270
8549566789
8732088420
11477158235
12610194094
14513475308
18404579688
20328140948
21336629874
26710542734
27025874677
27819840397
29549705900
31491361447
34033099489
34461039280
36597544375
38741039053
42631185548
43034059568
43582148974
44114301085
45550611398
49442048973
49651761830
49668138570
57652865526
63000156212
68397865332
71791111214
74352134828
75740879589
78685845074
79437127562
79944149944
83153266300
85912461101
86111080825
88015853672
88356046158
88747404887
90334464729
91163652149
92037687823
92628254614
94363469435
94860442044
95345690702
99926913490
101234832202
103981049214
111577809954
113450473413
115916884250
117124480066
121366065037
123202866331
125347031067
126095295712
129321052147
129419710333
133524430186
134065169027
135113933914
135778701661
139413604293
140630177554
141607008715
142567388752
142685988478
143101251426
143704037977
144771664653
146959436285
150458051207
157755684558
158228662961
160505314438
164547779315
166725972866
166986142098
170208312086
172352379446
177464448745
179574628210
180798040721
181370141611
184389508786
185129803257
185659410655
191570576483
192269609460
194156643409
197114856994
197963282479
199735183538
200193897441
202518707055
202876142212
204180381797
204659034952
205907584657
207333450139
210037210685
214039525702
216620148646
216622164119
223092195231
225132420409
225795811644
229610619160
230188660824
231896085215
235979154206
236102224197
236711581749
237443013262
240577908955
242712435170
242979549405
243190218826
244503757577
244567486346
244703122026
245525078878
249399538652
249553522229
251371549458
252469365823
252950336887
253947467389
254018155593
260202282487
262703678144
265213694067
270235695589
271683924625
277202222604
280261712248
280311273406
280800445486
280869543255
281749166386
282927099958
285382065302
287979327266
291032258993
291651058146
295295283523
295391912938
301460687489
302466935615
302910889025
310337464979
310637217106
311230159350
312289018876
318083561234
318697954194
321640510723
322091431914
323288316645
325401937488
325656876161
327446456878
329705068126
330301178847
333551322457
336726645848
337669819375
337710110801
337782260626
339198300586
340623698396
340741824407
347736489755
348229567554
348948019690
352089707871
352535206574
354224060415
355860985860
356381501726
358552432463
361594596080
363540060835
364220122931
365061482269
365065300595
366702788551
370134090002
371467460991
372614851045
375108169575
377304011473
378660614306
379556889562
382405361264
388388277232
389611685936
391258366895
395000476306
397121629504
399575112077
400569220836
413589734113
419958964503
420822227877
421845239968
423951069502
425420421425
425538325288
428922832412
428939221290
438255276166
438646261901
441800973618
442130928183
444375745644
446022507400
446992858026
454772549623
456040063846
461631476434
462994097827
463091107097
467243545566
467263100544
471883241065
472126600150
473882512223
478957913004
479064009381
481438137793
483804287022
484348705024
486863836968
487279703141
493452305252
495065565095
495932946568
496548848607
496699836573
500808837004
502813963777
502944026728
505962001018
509010302503
509545323657
514881285363
518069341234
518094192858
523650055266
525682818018
528314896043
529066318418
529701234809
529801047920
533764344612
536397405988
536825138169
537109494994
537164814100
537624894260
541076896449
544620473664
546727101871
547706920775
549186928517
555022217584
557982357804
562822016056
564693889423
565386217836
567544591873
567904240610
570799613312
573521637432
575096229072
576676118463
577067815303
578346316612
581057493030
586823352396
587143574312
587846389753
588635933233
590980564994
591854534452
595740560285
595885512049
599610365537
602095322483
602937972714
603121189470
603401130632
603872138651
607115332233
608056169280
610400044170
610716478348
615151563820
615668304889
616293371933
625025467776
626084529442
626853339778
627723160863
631683514962
633143586031
633577814708
633642534775
634185810791
634851893071
637129066632
638136131218
638297105512
639246358612
641507036247
643087670085
645345846514
646138610780
647552829802
648683177107
650649288334
650926126814
651128308890
652764724079
653864487289
655838586739
659455230041
660516949249
662940963284
663716200394
664362716865
664567672491
670854885922
671547056135
673029504570
674757819893
676858740453
677653604008
681737688850
684273877890
685776869980
686316435764
688663644836
690916276299
691871262132
699513221160
701592016748
702600703153
703532367466
703724857160
703960712796
704294059611
705262101442
706718907357
713301499443
715744240625
717539439854
720475782975
720861731876
721025711121
722618814733
725365259905
726126046046
731279286626
731921675427
732183485110
733982399331
737296982740
738375015319
739563926788
742071622697
742920575800
747126379992
748305908843
750740561655
755088260790
755247031043
755614835739
759553026871
760618413707
761197052860
762004337760
763137319180
766734378486
767498767089
770986554173
772742652169
773427910994
775427475337
777843272719
779007985408
779167038994
779714299606
780563909417
783121200210
784117493429
786578751545
787580129043
791759835782
795009048199
795295193167
798154798434
800961868811
811500981436
814869783719
822014462238
822762085071
826897004157
827560114110
835452030830
835695120138
835939491415
835983430087
836418600967
836967238318
837745288301
837992952263
838011816298
839642729700
845949147785
846338040388
848846745675
851496939445
856359858019
857367909032
857530154383
858222222260
861513320131
866855850085
870777086007
871283749167
873705415040
873820610375
874441273499
877898494333
880159905443
881100429320
881391090478
881805672117
881912381522
882166244145
886980681603
890175392195
895556681750
895679002513
895892636626
900787831909
901734863574
909614717278
909728591614
911310314695
918422394670
919927410017
920470338871
923061836429
923504475721
925090123700
925420797018
929646051422
931212417067
931814774127
931842101566
932180079859
932722575079
933007017224
933271959062
934000857404
934740407006
936699906236
937876057736
943150130251
944560354915
944931302214
947109580554
948864917869
949301627100
954850361265
959748756646
960219212482
960589046610
961995422326
962146772713
962186052904
963745135183
970412153569
971757988562
972137114412
972224963143
972366387977
973020130047
974638525733
978280599393
979006902728
981214885782
983649383398
985428498883
985823342964
988275929631
989002980607
989740289515
993589039852
993877160150
994040444961
