728005212394
899500431533
692254761214
21545575348
56163363393
15304119
412527596132
896239393
47255940822
1204099005
645438131566
973181892910
97607025
6258673322
98246717662
277450855802
115830973043
31755961488
93005038056
812503588404
883930491269
431558305852
96595639546
998898845695
2403691853
799338326829
511043566810
42322472084
341114383541
339658343480
502053333079
661036531561
742891659055
916268987428
796255926280
16224112379
426346239216
254718862382
219934684804
416183871885
641960978207
286776552878
524786438899
704289493230
652009119237
897243442267
178391823176
698787081673
287163908131
610349784945
136893716779
144270423582
364027254073
718065433
310782415313
1602223386
77990501283
880545035
036423931
346867010908
112934385041
34286514743
619975300821
340422167696
230517701
865510472222
3883059668
26770968038
67802681632
91858138541
29570492171
53125893586
28941548
897562553611
490109680378
987200347945
803612558102
12488
912518373569
930689305860
333203497803
31748786856
2008882137
828524178005
148158226670
528768295863
92882108266
337672363
610788506053
552048880459
4238770017
39718470224
27814169763
50516567419
26158212561
122812246688
13594
890065617310
146467715
33546626355
381113755303
613912737320
8003853775
49678549635
209961085083
1506436662
830834878194
483445956417
79150796762
51937709021
43186103
53248379139
400630484655
536095538813
97627235385
95304134877
62774801137
31204466933
270173816288
934433192819
19470221394
775572044
855367114411
51012992642
953761282882
16774896440
764148513736
7933154424
9656446884
402000229851
8160243446
559455685605
477208584308
646621672649
10134059285
794677937332
933911233
777386055900
411728587761
116151952639
198798696163
28759134090
697454815725
6428409755
857838500704
7609696984
90968866327
92178226265
333205515207
356729044304
760014296999
732263670
564196765326
845695042414
516181908905
650824921760
26672170954
22234901443
573271551471
87398338035
19217320121
22074493189
473039230833
322419735822
773972063025
167203185701
7003842457
63670779408
150461811418
6309953035
49917942576
158073075
70884975338
24618557651
53268904544
896455486204
1753120176
43951181786
117748556988
931114801387
12533560539
143956511334
409329297
471047343914
92892273553
778708200368
531107903780
929251127711
891883009918
766365118853
345866909368
84983282255
70034747964
24265591948
279880945303
494193923454
22074415040
781421707708
602753889787
638518246661
555335858710
41099043222
10240708
386165240860
180036529328
99760626022
60720542383
938362564982
224505032106
71075987425
101744650
81751732010
615142092545
63081417474
95591104298
4258808880
885461784623
675471522370
142969065304
692275967919
51090948877
97654129946
913841363912
39457905012
8531263803
943519381510
54452679458
12669181893
31819071416
46313335202
935093565537
12625876178
325716325821
36548679374
56922695460
777479675
317099484913
927636265443
796835140834
336894021603
32817569298
558997826077
70931979165
211082561233
334371543305
178010508383
992763791027
940527387387
34720078803
211435805411
157205169366
343158620170
581661328524
758111987
555875406170
852729574182
834911358559
882962694464
698779876436
813682501581
494700765628
918576534088
164446495127
561187871239
440255784869
650668846765
393124519371
155981640991
551638623194
456561867002
365689061853
313411184815
96488601866
437551235837
860953259566
396518453323
114965865859
85145616071
852784933399
528077867889
420105790967
644812664165
918463438267
492041965888
640058032593
57400270975
930643398075
681234238084
460575077813
693700669071
926959885196
867369220843
371027960582
645664797753
968903800260
451347322148
723316760601
112929175187
166758084785
909083817823
10995176759
672859106668
665924794446
111015492745
74542210660
422707613252
117478405337
654115675653
305593070990
356460777873
25299544490
893833619394
364348618096
560289309721
951115123431
461942869528
867415041940
788228289590
152986596764
123183403198
352406188388
178282485794
571127882635
786920905071
183451804299
573858209679
295122333854
869769575200
26172351425
486725471706
570181710571
81891585106
335517771113
447736116040
457446825063
563924337654
896127223359
344313052601
77430789201
268919711537
292461448586
252160929191
278199743062
387178115088
186179167697
498347797141
21488268998
681880437633
815130658835
366836915345
332925432573
599916098021
295350287814
586208308898
798551509283
456126054638
275993813907
604676570939
572349522867
924506173389
694053945515
99628957254
659542195171
305955094053
236769620422
791049013070
233122770275
897912285614
569613165878
512764468145
829733574164
405121417560
236807976286
24421821758
256071849210
64108897185
638044707545
692646464142
499599540049
349800406329
889871743782
329208228361
62956749772
325286078396
296093850126
977166420272
683284248665
270242330009
726371895458
674120968510
551026342142
774520076107
633197696163
481767863823
368321330096
860382839414
685226537756
68619488527
94917825086
200635371937
870471382011
399152534945
24659702045
98960763760
161459983742
559636644811
610721133059
557781883446
338586459323
389122782270
134538770311
950989909091
64461567587
215535023390
251518991714
844998078221
329562587209
156383452048
688813868089
713885056988
204773639935
82067410918
939704230053
9218187376
734879350700
587660349588
105379837669
849773669441
103116382284
855528975500
113642729931
128643174892
291039071509
399378351916
277767289905
593828155153
38132883329
31944016185
221521937481
396275676844
677255388970
387591762033
418024538317
503267650009
235442772700
729406162308
185333929804
158734023694
56570494438
849692956819
252724705538
313976965982
387208002533
890758719722
207886463940
931487659719
971623362163
960836056473
216244011686
24486830911
746590060855
310042844511
40771138983
978785990932
187431795397
6572288377
907250262684
48333268775
1425193612
80818558298
72991202936
828849996060
60545513186
9418671604
352321191142
523964410
62190189291
8067771160
556646399715
1007903653
7319964936
29254538759
773012957749
53156025883
25492607776
48374941766
86985195060
82384346343
667397992417
8500843605
267187347223
754274422653
24280963
56025449907
51118438744
9481922670
453394178059
35344432228
940181801
807627886118
203338972890
760655861
590256820682
17330060
633427355627
65216726417
580933866
677878234
64985192052
97579
305425162759
46066097090
