999590878639
995937834819
995205900074
991815366345
989682186178
987938325629
987002631150
986423112314
981456618672
979766394640
974269404342
974069400587
972414916633
970734554786
966593468904
965180110197
964413973565
962592161945
961577327151
961457012503
957661490564
957089317011
956078275761
955688148067
954543850677
952994835050
950456265177
949878666369
947011773143
946788273251
946066478955
946040535103
944916659140
941995601788
941864979339
941260603904
940601361958
938075186203
936804048832
934419819052
931716696475
926181539414
925698598419
923340393819
921486509443
919229540331
917232084726
917177037655
917148955999
914309976892
913075093083
909456382365
909237416100
909039713602
907812166108
903976017644
903945056145
903044818554
902966937530
902151106721
898729672168
897539711618
897061026216
890319116040
884613427912
884203857295
883642716164
882613903663
881223269296
880416073380
880125395609
875239034266
875118776678
871884163943
871697771929
871560982439
870239439707
867997021761
866744652083
862094285805
861671536580
853695296877
852115673627
852055034630
849692069163
848213998244
843486383015
842576828167
840983172091
840800603838
840752513961
838127431292
833961315910
833653998444
826246038917
821908984780
820438157947
820427021868
819850279153
819326235453
815936266527
813362380961
805201914507
805183188364
802966257673
802772420472
801039594068
798321534602
794074346348
793324335633
786859502786
786792594184
785273645678
784441578900
783446911292
782963069403
782098739720
779704713280
774743026246
772103440893
771579409752
770899266667
769905921453
769146608152
767514176477
765615855250
764911173833
763819371679
762319536682
761148523539
755834465352
751163253534
745849415957
745149361870
744763942484
743736904429
741874822782
740244299037
738130823005
737829633980
737513646046
729537085655
727156824666
723774455113
723689377750
718741960604
717170343365
715023574519
714622680637
711663501133
710018473501
709767867233
709294859677
709135692235
707916503945
702925107297
702578155360
701547719689
697485787458
696699533327
696299371037
692730141641
692260969796
690853173766
684570244230
682428298915
677041421894
676425907367
673599503060
672771900019
671957866624
671907734250
671674235103
671665397441
667537283493
666627338152
665134289180
663344302401
662791214850
660038128096
659569959903
659009376012
658611192887
655084683814
654456270219
653867628391
652365833549
650128908812
650058603103
649542144712
649474711938
649439825429
648974111696
648133115146
644617236325
639739135805
638086406063
637344405437
636270684259
635547464915
635444882885
632202154039
630850853633
627851647220
627551110791
624583371916
624153018022
618633899911
618583021148
614224431565
613723447723
612225764277
608881006382
607701564233
601025418633
598093739039
594136439794
593859315639
590102056336
588867202987
588275086471
586961435570
586254066784
586141980946
586129758650
581949145491
579665640317
578950943884
578335250835
575366959561
574281850108
573587569535
572591586695
570111089693
569502539721
564997711121
562165725439
561929312233
560672728211
559074314175
558665631335
557703163850
557559801589
556976576543
555653951565
553202872707
548067524734
547913453898
543170751676
542600983380
540184606013
539555526834
538880057774
536505272960
534976788024
531002903740
530968104739
529886042003
529456400770
521742605183
520357126262
520328501426
515245071447
508777943112
506379110382
504914082896
504433930576
501731138766
495294168426
491566903457
490321702591
488727857774
487553972915
486951577722
482469696832
478727633890
478231403941
477834818159
472871143952
470930761792
469290543059
469237730053
467933158182
467501211124
466242055787
462490966622
460183285520
456495652077
456162270546
455089445601
454429444425
453972681036
452053056981
451313202248
450299470982
446456769991
441488699622
440415437651
437973276204
436795404288
436711594252
436686255941
436566486203
434423253772
433643841839
431764727940
429974720206
425700482034
425502428583
423555699189
419183084386
415961104869
414233325124
413879361665
412690416664
410984027389
409421678552
406903046113
405759835006
405487428110
404941917568
403756656349
398502585852
397524637079
397403212336
396729830419
394924518566
389472497693
389461155314
388764832914
382790192713
380928052629
379370072462
372387848918
370274502834
368137137393
366534464324
366310647369
363415256352
362092936620
361303869264
352535603403
350306595017
343494366914
336186199951
333028907846
330468794724
329427040403
326584428833
325730729785
322961971483
321796538195
321000838975
320265283133
317935897171
317509304631
316669402696
315874474562
315711461132
314961619566
310353720802
308532877589
307853777707
305461872644
300420779653
299120412084
296027572387
294988162306
293690352743
291312711467
288295169111
287711456963
287355169237
286877431223
285857812083
284904755399
280720758721
279162268377
276315920093
276126494536
275570127643
273771599768
273262094727
268911816358
267373116947
267042617211
265809503987
259456281665
254208710701
251852346393
247504244557
246578534358
244245740177
239462235350
237540729601
228084309745
226914389672
222665450515
217723755100
215247303062
210437169404
208918578237
203162104504
202930652662
202818253912
202045741310
201679744193
201218206363
199941130926
198397113616
197176428477
195783870852
195024110862
194576620681
193908814552
190780007366
189130373424
186417496655
185004492788
184205852326
179567712776
176607190708
176154934171
174187149903
173589409490
170186327761
163005747077
159773590408
153980509626
153483140456
146986085227
145142797344
144283760557
143539899506
142326691754
140829115891
140804066585
137772918753
137562596365
137248272505
135741819125
135735668946
133114903833
132296242397
130832458001
130220320355
129022615242
128799528406
128791307099
128287418046
124367784433
122922311710
114695752489
112445174228
110699912950
109608417404
109388397130
108132972492
106981578966
106972099061
105277365948
104577713769
102861905092
100865055749
99287386047
98289628102
97115917612
96899152434
94888381546
93898333785
90571878686
89003160647
87546240733
83599406038
83089225447
80156115640
80039308210
78756564277
77523632423
70602400183
63399704941
56293475932
55585889788
55181579718
54496635268
52363471563
49024572637
48646811461
46555638661
42874590107
42629292476
41052909638
40918823659
40245067394
37949434697
37610891518
29685758416
29487771364
28404395841
28276496073
26076134621
24912931467
22747113064
21870554752
18580614916
14044543500
10679856402
10094772632
7160272015
5556832483
2446774525
718081151
